0000000000000000000000000000000000000000000000000000000000000000000000000000000000000000000000000000164	
94	
724	
944	
134	
434	
956	
890	
594	
171	
726	
393	
676	
101	
30	
663	
69	
101	
396	
397	
207	
670	
252	
41	
606	
493	
434	
153	
394	
869	
963	
431	
289	
240	
39	
344	
641	
835	
507	
362	
59	
605	
59	
522	
27	
460	
740	
112	
404	
276	
990	
799	
697	
140	
737	
373	
221	
622	
343	
435	
844	
731	
151	
169	
339	
769	
594	
42	
594	
603	
102	
71	
650	
883	
408	
58	
88	
646	
894	
985	
89	
132	
667	
629	
361	
778	
27	
815	
84	
278	
886	
478	
749	
295	
362	
479	
580	
982	
592	
177	
